AL062018,           FLORENCE,     79,
20180830, 0600,  , LO, 12.8N,  16.9W,  20, 1008,    0,    0,    0,    0,    0,    0,    0,    0,    0,    0,    0,    0,
20180830, 1200,  , LO, 12.8N,  17.9W,  25, 1007,    0,    0,    0,    0,    0,    0,    0,    0,    0,    0,    0,    0,
20180830, 1800,  , LO, 12.8N,  19.0W,  25, 1007,    0,    0,    0,    0,    0,    0,    0,    0,    0,    0,    0,    0,
20180831, 0000,  , LO, 13.1N,  20.2W,  30, 1006,    0,    0,    0,    0,    0,    0,    0,    0,    0,    0,    0,    0,
20180831, 0600,  , LO, 13.4N,  21.4W,  30, 1006,    0,    0,    0,    0,    0,    0,    0,    0,    0,    0,    0,    0,
20180831, 1200,  , LO, 13.6N,  22.6W,  30, 1006,    0,    0,    0,    0,    0,    0,    0,    0,    0,    0,    0,    0,
20180831, 1800,  , TD, 13.8N,  23.8W,  30, 1006,    0,    0,    0,    0,    0,    0,    0,    0,    0,    0,    0,    0,
20180901, 0000,  , TD, 14.0N,  24.9W,  30, 1006,    0,    0,    0,    0,    0,    0,    0,    0,    0,    0,    0,    0,
20180901, 0600,  , TS, 14.3N,  26.1W,  35, 1005,   30,   30,    0,   30,    0,    0,    0,    0,    0,    0,    0,    0,
20180901, 1200,  , TS, 14.8N,  27.2W,  35, 1004,   30,   30,    0,   30,    0,    0,    0,    0,    0,    0,    0,    0,
20180901, 1800,  , TS, 15.4N,  28.3W,  40, 1002,   40,   40,   20,   40,    0,    0,    0,    0,    0,    0,    0,    0,
20180902, 0000,  , TS, 15.9N,  29.6W,  45, 1000,   40,   40,   20,   40,    0,    0,    0,    0,    0,    0,    0,    0,
20180902, 0600,  , TS, 16.4N,  30.9W,  50,  999,   40,   40,   20,   40,   20,    0,    0,   20,    0,    0,    0,    0,
20180902, 1200,  , TS, 16.8N,  32.4W,  50,  998,   50,   40,   20,   50,   20,    0,    0,   20,    0,    0,    0,    0,
20180902, 1800,  , TS, 17.1N,  33.8W,  50,  998,   50,   40,   20,   50,   20,    0,    0,   20,    0,    0,    0,    0,
20180903, 0000,  , TS, 17.6N,  35.2W,  50,  997,   50,   40,   20,   50,   20,    0,    0,   20,    0,    0,    0,    0,
20180903, 0600,  , TS, 17.9N,  36.6W,  50,  997,   50,   40,   20,   50,   20,   20,    0,   20,    0,    0,    0,    0,
20180903, 1200,  , TS, 18.2N,  38.0W,  55,  996,   60,   50,   20,   60,   20,   20,    0,   20,    0,    0,    0,    0,
20180903, 1800,  , TS, 18.4N,  39.2W,  60,  993,   60,   50,   30,   40,   20,   20,    0,   20,    0,    0,    0,    0,
20180904, 0000,  , HU, 18.7N,  40.2W,  65,  990,   70,   60,   30,   70,   30,   20,    0,   30,   15,    0,    0,   15,
20180904, 0600,  , HU, 19.1N,  41.2W,  65,  989,   70,   60,   40,   70,   30,   20,   20,   30,   15,    0,    0,   15,
20180904, 1200,  , HU, 19.5N,  42.0W,  70,  986,   80,   60,   40,   80,   40,   30,   20,   40,   15,   10,   10,   15,
20180904, 1800,  , HU, 20.0N,  42.7W,  75,  982,   80,   70,   50,   80,   40,   30,   20,   40,   15,   15,   10,   15,
20180905, 0000,  , HU, 20.4N,  43.4W,  85,  975,   80,   70,   50,   80,   40,   30,   20,   40,   15,   15,   10,   15,
20180905, 0600,  , HU, 21.1N,  44.3W,  95,  968,   90,   80,   50,   90,   40,   30,   20,   40,   15,   15,   10,   15,
20180905, 1200,  , HU, 21.7N,  45.2W, 105,  960,   90,   80,   50,   90,   50,   30,   20,   50,   20,   15,   10,   20,
20180905, 1800,  , HU, 22.4N,  46.2W, 115,  950,   90,   90,   50,   90,   50,   30,   20,   50,   20,   15,   10,   20,
20180906, 0000,  , HU, 23.1N,  46.9W, 115,  950,   90,   90,   50,   90,   50,   30,   20,   50,   20,   15,   10,   20,
20180906, 0600,  , HU, 23.8N,  47.6W, 105,  958,   90,   90,   50,   90,   50,   30,   20,   50,   20,   15,   10,   20,
20180906, 1200,  , HU, 24.4N,  48.2W,  90,  970,   90,   90,   50,   90,   50,   30,   20,   40,   15,   15,   10,   15,
20180906, 1800,  , HU, 24.8N,  49.0W,  75,  980,   90,   80,   40,   90,   50,   30,   20,   40,   15,   15,    0,   15,
20180907, 0000,  , TS, 25.0N,  49.6W,  60,  990,  100,   70,   40,   90,   40,   30,   20,   40,    0,    0,    0,    0,
20180907, 0600,  , TS, 25.0N,  50.3W,  55,  992,  100,   70,   40,  100,   40,   20,    0,   40,    0,    0,    0,    0,
20180907, 1200,  , TS, 24.9N,  51.1W,  55,  993,  100,   70,   40,  100,   40,   20,    0,   40,    0,    0,    0,    0,
20180907, 1800,  , TS, 24.8N,  52.0W,  55,  993,  100,   70,   40,  100,   30,   20,    0,   30,    0,    0,    0,    0,
20180908, 0000,  , TS, 24.7N,  52.9W,  55,  993,  100,   70,   40,  100,   30,   20,    0,   30,    0,    0,    0,    0,
20180908, 0600,  , TS, 24.6N,  53.6W,  55,  993,  100,   70,   40,  100,   30,   20,    0,   30,    0,    0,    0,    0,
20180908, 1200,  , TS, 24.6N,  54.1W,  55,  992,  100,   70,   40,  100,   30,   20,    0,   30,    0,    0,    0,    0,
20180908, 1800,  , TS, 24.6N,  54.5W,  60,  989,  100,   80,   40,  100,   30,   20,   10,   30,    0,    0,    0,    0,
20180909, 0000,  , TS, 24.5N,  55.0W,  60,  989,  100,   80,   50,  100,   30,   20,   15,   30,    0,    0,    0,    0,
20180909, 0600,  , TS, 24.4N,  55.5W,  60,  988,  100,   90,   50,  100,   30,   20,   15,   30,    0,    0,    0,    0,
20180909, 1200,  , HU, 24.4N,  56.1W,  65,  984,  100,   90,   50,  100,   40,   30,   20,   40,   10,    0,    0,    0,
20180909, 1800,  , HU, 24.4N,  56.7W,  70,  979,  110,  100,   50,  110,   40,   30,   20,   40,   15,   10,   10,   15,
20180910, 0000,  , HU, 24.5N,  57.3W,  80,  973,  110,  100,   60,  110,   40,   30,   20,   40,   20,   15,   10,   20,
20180910, 0600,  , HU, 24.7N,  58.4W,  90,  967,  110,  110,   60,  110,   40,   30,   20,   40,   20,   15,   10,   20,
20180910, 1200,  , HU, 24.9N,  59.5W, 105,  954,  120,  110,   70,  120,   50,   40,   30,   50,   25,   20,   15,   25,
20180910, 1800,  , HU, 25.2N,  60.6W, 120,  940,  120,  120,   80,  120,   60,   50,   40,   60,   30,   25,   20,   30,
20180911, 0000,  , HU, 25.6N,  61.8W, 115,  944,  130,  130,   90,  130,   60,   60,   50,   60,   35,   30,   25,   35,
20180911, 0600,  , HU, 26.0N,  63.2W, 115,  950,  130,  130,   90,  140,   60,   60,   50,   60,   35,   30,   25,   35,
20180911, 1200,  , HU, 26.5N,  64.7W, 125,  947,  140,  130,   90,  120,   70,   60,   50,   70,   40,   35,   35,   40,
20180911, 1800,  , HU, 27.2N,  66.4W, 130,  937,  150,  130,  100,  140,   80,   60,   50,   70,   50,   40,   40,   45,
20180912, 0000,  , HU, 27.9N,  68.1W, 120,  943,  150,  130,  100,  140,   80,   60,   50,   70,   50,   45,   40,   45,
20180912, 0600,  , HU, 28.7N,  69.5W, 115,  945,  150,  140,  110,  140,   80,   65,   60,   70,   60,   50,   40,   50,
20180912, 1200,  , HU, 29.4N,  70.7W, 115,  945,  150,  140,  110,  130,   90,   80,   60,   70,   60,   60,   40,   50,
20180912, 1800,  , HU, 30.4N,  71.9W, 110,  949,  170,  140,  110,  140,   90,   80,   60,   70,   60,   60,   40,   50,
20180913, 0000,  , HU, 31.5N,  73.2W, 105,  955,  170,  140,  110,  140,  110,   80,   70,   80,   70,   60,   50,   60,
20180913, 0600,  , HU, 32.4N,  74.2W, 100,  955,  170,  150,  110,  140,  100,   90,   70,   80,   70,   60,   50,   60,
20180913, 1200,  , HU, 33.1N,  75.1W,  95,  954,  170,  150,  120,  140,  100,   90,   80,   80,   70,   60,   50,   60,
20180913, 1800,  , HU, 33.6N,  76.0W,  90,  953,  170,  150,  120,  140,  100,   90,   80,   80,   70,   60,   50,   60,
20180914, 0000,  , HU, 34.0N,  76.5W,  90,  952,  170,  150,  130,  100,  100,   80,   80,   70,   70,   60,   50,   50,
20180914, 0600,  , HU, 34.2N,  77.2W,  85,  952,  170,  150,  130,  100,  100,   80,   80,   70,   70,   60,   60,   50,
20180914, 1115, L, HU, 34.2N,  77.8W,  80,  956,  170,  150,  140,   90,  100,   80,   80,   60,   70,   60,   60,   40,
20180914, 1200,  , HU, 34.1N,  77.9W,  80,  957,  170,  150,  140,   80,  100,   80,   80,   40,   60,   60,   60,   20,
20180914, 1800,  , HU, 34.0N,  78.4W,  65,  969,  150,  130,  120,   70,   90,   70,   60,   30,    0,   30,   30,    0,
20180915, 0000,  , TS, 33.9N,  78.8W,  60,  978,  150,  150,  100,   60,   70,   70,   50,   30,    0,    0,    0,    0,
20180915, 0600,  , TS, 33.7N,  79.3W,  55,  986,  150,  150,   90,   50,   70,   70,    0,    0,    0,    0,    0,    0,
20180915, 1200,  , TS, 33.6N,  79.5W,  55,  992,  150,  130,   80,   40,   60,  100,    0,    0,    0,    0,    0,    0,
20180915, 1800,  , TS, 33.6N,  79.8W,  50,  997,  140,  130,    0,    0,    0,  110,    0,    0,    0,    0,    0,    0,
20180916, 0000,  , TS, 33.6N,  80.2W,  45,  998,  130,  130,    0,    0,    0,    0,    0,    0,    0,    0,    0,    0,
20180916, 0600,  , TS, 33.6N,  80.8W,  40,  999,  130,  130,    0,    0,    0,    0,    0,    0,    0,    0,    0,    0,
20180916, 1200,  , TS, 33.6N,  81.5W,  35, 1002,    0,  140,    0,    0,    0,    0,    0,    0,    0,    0,    0,    0,
20180916, 1800,  , TD, 34.1N,  82.1W,  30, 1006,    0,    0,    0,    0,    0,    0,    0,    0,    0,    0,    0,    0,
20180917, 0000,  , TD, 35.0N,  82.2W,  25, 1007,    0,    0,    0,    0,    0,    0,    0,    0,    0,    0,    0,    0,
20180917, 0600,  , TD, 36.4N,  82.6W,  25, 1008,    0,    0,    0,    0,    0,    0,    0,    0,    0,    0,    0,    0,
20180917, 1200,  , EX, 37.8N,  82.0W,  25, 1008,    0,    0,    0,    0,    0,    0,    0,    0,    0,    0,    0,    0,
20180917, 1800,  , EX, 38.8N,  82.0W,  25, 1008,    0,    0,    0,    0,    0,    0,    0,    0,    0,    0,    0,    0,
20180918, 0000,  , EX, 39.5N,  80.5W,  25, 1008,    0,    0,    0,    0,    0,    0,    0,    0,    0,    0,    0,    0,
20180918, 0600,  , EX, 41.3N,  76.8W,  25, 1007,    0,    0,    0,    0,    0,    0,    0,    0,    0,    0,    0,    0,
20180918, 1200,  , EX, 42.2N,  73.3W,  25, 1006,    0,    0,    0,    0,    0,    0,    0,    0,    0,    0,    0,    0,
