NHC  06L SIX       20180830 1200 128N 0179W 270 067 1007 1010 0111 13 056 -999 -999 -999 -999 M -999 -999 -999 -999 -9 -99N -999W -999 -999 -999 -999 
NHC  06L SIX       20180830 1800 128N 0190W 270 062 1007 1010 0111 13 056 -999 -999 -999 -999 M -999 -999 -999 -999 72 165N  330W -999 -999 -999 -999 
NHC  06L SIX       20180830 1800 128N 0190W 270 062 1007 1010 0111 13 056 -999 -999 -999 -999 M -999 -999 -999 -999 72 165N  330W -999 -999 -999 -999 
NHC  06L SIX       20180831 0000 131N 0202W 275 057 1007 1010 0111 15 074 -999 -999 -999 -999 M -999 -999 -999 -999 72 170N  345W -999 -999 -999 -999 
NHC  06L SIX       20180831 0000 131N 0202W 275 057 1007 1010 0111 15 074 -999 -999 -999 -999 M -999 -999 -999 -999 72 170N  345W -999 -999 -999 -999 
NHC  06L SIX       20180831 0600 134N 0210W 285 051 1006 1009 0297 15 074 -999 -999 -999 -999 M -999 -999 -999 -999 72 175N  355W -999 -999 -999 -999 
NHC  06L SIX       20180831 1200 138N 0220W 290 051 1006 1009 0297 15 074 -999 -999 -999 -999 M -999 -999 -999 -999 72 174N  362W -999 -999 -999 -999 
NHC  06L SIX       20180831 1200 135N 0221W 285 051 1006 1009 0297 15 074 -999 -999 -999 -999 M -999 -999 -999 -999 72 174N  362W -999 -999 -999 -999 
NHC  06L SIX       20180831 1800 138N 0240W 280 067 1004 1009 0297 15 074 -999 -999 -999 -999 M -999 -999 -999 -999 72 175N  375W -999 -999 -999 -999 
NHC  06L SIX       20180831 1800 138N 0240W 280 067 1004 1009 0297 15 074 -999 -999 -999 -999 M -999 -999 -999 -999 72 175N  375W -999 -999 -999 -999 
NHC  06L SIX       20180901 0000 140N 0249W 280 062 1004 1010 0297 15 074 -999 -999 -999 -999 M -999 -999 -999 -999 72 180N  395W -999 -999 -999 -999 
NHC  06L SIX       20180901 0000 140N 0249W 280 062 1004 1010 0297 15 074 -999 -999 -999 -999 M -999 -999 -999 -999 72 180N  395W -999 -999 -999 -999 
NHC  06L SIX       20180901 0000 140N 0249W 280 062 1004 1010 0297 15 074 -999 -999 -999 -999 M -999 -999 -999 -999 72 180N  395W -999 -999 -999 -999 
NHC  06L SIX       20180901 0600 143N 0261W 285 057 1003 1009 0334 18 056 0056 0056 -999 0056 M -999 -999 -999 -999 72 185N  400W -999 -999 -999 -999 
NHC  06L FLORENCE  20180901 1200 146N 0273W 280 062 1003 1009 0334 18 056 0056 0056 -999 0056 M -999 -999 -999 -999 72 187N  414W -999 -999 -999 -999 
NHC  06L FLORENCE  20180901 1200 146N 0273W 280 062 1003 1009 0334 18 056 0056 0056 -999 0056 M -999 -999 -999 -999 72 187N  414W -999 -999 -999 -999 
NHC  06L FLORENCE  20180901 1800 154N 0283W 295 062 1002 1009 0334 21 056 0074 0074 0037 0074 M -999 -999 -999 -999 72 190N  425W -999 -999 -999 -999 
NHC  06L FLORENCE  20180901 1800 154N 0283W 295 062 1002 1009 0334 21 056 0074 0074 0037 0074 M -999 -999 -999 -999 72 190N  425W -999 -999 -999 -999 
NHC  06L FLORENCE  20180902 0000 158N 0295W 295 062 1000 1009 0334 23 056 0074 0074 0037 0074 M -999 -999 -999 -999 72 195N  435W -999 -999 -999 -999 
NHC  06L FLORENCE  20180902 0600 163N 0307W 290 067 0999 1009 0334 26 037 0074 0074 0037 0074 M 0037 -999 -999 0037 72 195N  445W -999 -999 -999 -999 
NHC  06L FLORENCE  20180902 0600 163N 0307W 290 067 0999 1009 0334 26 037 0074 0074 0037 0074 M 0037 -999 -999 0037 72 195N  445W -999 -999 -999 -999 
NHC  06L FLORENCE  20180902 1200 168N 0324W 285 082 1000 1009 0334 23 037 0074 0074 0037 0074 M -999 -999 -999 -999 72 201N  455W -999 -999 -999 -999 
NHC  06L FLORENCE  20180902 1800 171N 0339W 290 077 1000 1009 0334 23 037 0093 0074 0037 0074 M -999 -999 -999 -999 72 205N  470W -999 -999 -999 -999 
NHC  06L FLORENCE  20180902 1800 171N 0339W 290 077 1000 1009 0334 23 037 0093 0074 0037 0074 M -999 -999 -999 -999 72 205N  470W -999 -999 -999 -999 
NHC  06L FLORENCE  20180903 0000 178N 0352W 290 072 1000 1009 0334 23 037 0093 0074 0037 0074 M -999 -999 -999 -999 72 211N  483W -999 -999 -999 -999 
NHC  06L FLORENCE  20180903 0600 179N 0366W 285 072 0999 1009 0334 26 037 0093 0074 0037 0074 M 0037 -999 -999 0037 72 215N  496W -999 -999 -999 -999 
NHC  06L FLORENCE  20180903 0600 179N 0366W 285 072 0999 1009 0334 26 037 0093 0074 0037 0074 M 0037 -999 -999 0037 72 215N  496W -999 -999 -999 -999 
NHC  06L FLORENCE  20180903 1200 183N 0380W 285 072 0997 1009 0334 28 037 0093 0074 0037 0074 M 0037 -999 -999 0037 72 222N  511W -999 -999 -999 -999 
NHC  06L FLORENCE  20180903 1800 184N 0392W 280 067 0997 1009 0334 28 037 0093 0074 0037 0074 M 0037 -999 -999 0037 72 230N  522W -999 -999 -999 -999 
NHC  06L FLORENCE  20180904 0000 187N 0404W 280 062 0995 1009 0334 31 037 0093 0074 0037 0074 M 0037 -999 -999 0037 72 237N  525W -999 -999 -999 -999 
NHC  06L FLORENCE  20180904 0600 191N 0415W 285 057 0995 1009 0334 31 037 0130 0074 0056 0130 M 0056 -999 -999 0056 72 245N  531W -999 -999 -999 -999 
NHC  06L FLORENCE  20180904 1200 194N 0418W 295 041 0990 1010 0278 33 028 0130 0074 0056 0130 M 0056 0037 0037 0056 72 252N  534W 0028 -999 -999 0028 
NHC  06L FLORENCE  20180904 1200 195N 0420W 295 046 0990 1010 0278 33 028 0148 0093 0056 0167 M 0056 0056 0037 0056 72 252N  534W 0028 -999 -999 0028 
NHC  06L FLORENCE  20180904 1800 200N 0427W 300 046 0984 1011 0278 39 028 0148 0093 0056 0167 D 0056 0056 0037 0056 72 256N  527W 0028 0028 0019 0028 
NHC  06L FLORENCE  20180905 0000 204N 0434W 300 041 0976 1011 0278 44 028 0148 0093 0056 0167 D 0056 0056 0037 0056 72 260N  530W 0028 0028 0019 0028 
NHC  06L FLORENCE  20180905 0000 204N 0434W 300 041 0976 1011 0278 44 028 0148 0093 0056 0167 D 0056 0056 0037 0056 72 260N  530W 0028 0028 0019 0028 
NHC  06L FLORENCE  20180905 0600 211N 0443W 305 046 0976 1011 0278 46 028 0148 0093 0056 0148 D 0056 0056 0037 0056 72 260N  535W 0028 0028 0019 0028 
NHC  06L FLORENCE  20180905 0600 211N 0443W 305 046 0976 1011 0278 46 028 0148 0093 0056 0148 D 0056 0056 0037 0056 72 260N  535W 0028 0028 0019 0028 
NHC  06L FLORENCE  20180905 0600 211N 0443W 305 046 0976 1011 0278 46 028 0148 0093 0056 0148 D 0056 0056 0037 0056 72 260N  535W 0028 0028 0019 0028 
NHC  06L FLORENCE  20180905 1200 217N 0452W 310 057 0961 1012 0222 54 028 0148 0093 0056 0148 D 0056 0056 0037 0056 72 256N  541W 0028 0028 0019 0028 
NHC  06L FLORENCE  20180905 1800 224N 0462W 305 057 0953 1012 0222 59 028 0148 0093 0056 0148 D 0056 0056 0037 0056 72 257N  547W 0028 0028 0019 0028 
NHC  06L FLORENCE  20180906 0000 231N 0469W 315 057 0953 1012 0222 59 028 0148 0093 0056 0148 D 0056 0056 0037 0056 72 260N  553W 0028 0028 0019 0028 
NHC  06L FLORENCE  20180906 0000 231N 0469W 315 057 0953 1012 0222 59 028 0148 0093 0056 0148 D 0056 0056 0037 0056 72 260N  553W 0028 0028 0019 0028 
NHC  06L FLORENCE  20180906 0600 238N 0476W 315 051 0964 1013 0222 51 028 0148 0093 0056 0148 D 0056 0056 0037 0056 72 261N  557W 0028 0028 0019 0028 
NHC  06L FLORENCE  20180906 0600 238N 0476W 315 051 0964 1013 0222 51 028 0148 0093 0056 0148 D 0056 0056 0037 0056 72 261N  557W 0028 0028 0019 0028 
NHC  06L FLORENCE  20180906 1200 244N 0482W 315 046 0975 1015 0241 46 028 0148 0093 0056 0148 D 0056 0056 0037 0056 72 261N  561W 0028 0028 0019 0028 
NHC  06L FLORENCE  20180906 1800 248N 0492W 305 046 0985 1015 0241 39 028 0148 0093 0056 0148 D 0056 0056 0037 0056 72 263N  564W 0028 0028 -999 0028 
NHC  06L FLORENCE  20180906 1800 248N 0492W 305 046 0985 1015 0241 39 028 0148 0093 0056 0148 D 0056 0056 0037 0056 72 263N  564W 0028 0028 -999 0028 
NHC  06L FLORENCE  20180907 0000 250N 0498W 290 036 0994 1014 0241 31 037 0148 0093 0056 0148 D 0056 0056 0019 0037 72 264N  571W -999 -999 -999 -999 
NHC  06L FLORENCE  20180907 0000 250N 0498W 290 036 0994 1014 0241 31 037 0148 0093 0056 0148 D 0056 0056 0019 0037 72 264N  571W -999 -999 -999 -999 
NHC  06L FLORENCE  20180907 0000 250N 0498W 290 036 0994 1014 0241 31 037 0148 0093 0056 0148 D 0056 0056 0019 0037 72 264N  571W -999 -999 -999 -999 
NHC  06L FLORENCE  20180907 0000 250N 0495W 290 031 0993 1014 0241 31 028 0185 0093 0056 0167 D 0037 0037 0019 0074 72 264N  571W -999 -999 -999 -999 
NHC  06L FLORENCE  20180907 0600 251N 0504W 275 031 0996 1014 0241 28 028 0222 0093 0056 0185 M 0093 0037 -999 0074 72 261N  573W -999 -999 -999 -999 
NHC  06L FLORENCE  20180907 0600 251N 0504W 275 031 0996 1014 0241 28 028 0222 0093 0056 0185 M 0093 0037 -999 0074 72 261N  573W -999 -999 -999 -999 
NHC  06L FLORENCE  20180907 1200 250N 0514W 270 041 0996 1014 0241 28 028 0222 0093 0056 0185 M 0093 0037 -999 0074 72 262N  583W -999 -999 -999 -999 
NHC  06L FLORENCE  20180907 1800 248N 0522W 260 041 0996 1014 0241 28 037 0185 0093 0037 0185 M 0056 -999 -999 0056 72 259N  598W -999 -999 -999 -999 
NHC  06L FLORENCE  20180907 1800 248N 0522W 260 041 0996 1014 0241 28 037 0185 0093 0037 0185 M 0056 -999 -999 0056 72 259N  598W -999 -999 -999 -999 
NHC  06L FLORENCE  20180908 0000 248N 0528W 265 036 0999 1014 0241 26 037 0185 0093 0037 0185 D 0056 -999 -999 0037 72 258N  609W -999 -999 -999 -999 
NHC  06L FLORENCE  20180908 0600 246N 0538W 265 041 0997 1014 0241 28 028 0222 0093 0037 0185 D 0056 -999 -999 0037 72 258N  623W -999 -999 -999 -999 
NHC  06L FLORENCE  20180908 0600 246N 0538W 265 041 0997 1014 0241 28 028 0222 0093 0037 0185 D 0056 -999 -999 0037 72 258N  623W -999 -999 -999 -999 
NHC  06L FLORENCE  20180908 1200 246N 0541W 270 031 0995 1013 0371 28 037 0222 0093 0037 0185 D 0056 -999 -999 0037 72 260N  640W -999 -999 -999 -999 
NHC  06L FLORENCE  20180908 1800 246N 0545W 270 021 0989 1012 0334 31 019 0204 0074 0056 0204 D 0056 0037 0019 0037 72 263N  649W -999 -999 -999 -999 
NHC  06L FLORENCE  20180909 0000 246N 0549W 270 021 0989 1012 0334 31 019 0204 0074 0056 0204 D 0056 0037 0019 0037 72 269N  664W -999 -999 -999 -999 
NHC  06L FLORENCE  20180909 0600 245N 0555W 265 026 0989 1012 0371 31 019 0185 0074 0056 0204 D 0056 0037 0019 0037 72 275N  675W -999 -999 -999 -999 
NHC  06L FLORENCE  20180909 0600 245N 0555W 265 026 0989 1012 0371 31 019 0185 0074 0056 0204 D 0056 0037 0019 0037 72 275N  675W -999 -999 -999 -999 
NHC  06L FLORENCE  20180909 1200 244N 0561W 265 026 0987 1012 0371 33 019 0185 0093 0074 0185 D 0074 0056 0037 0056 72 282N  691W 0028 -999 -999 -999 
NHC  06L FLORENCE  20180909 1200 244N 0561W 265 026 0983 1012 0371 33 019 0185 0093 0074 0185 D 0074 0056 0037 0056 72 282N  691W 0028 -999 -999 -999 
NHC  06L FLORENCE  20180909 1800 244N 0567W 270 031 0978 1012 0371 36 019 0204 0185 0093 0204 D 0074 0056 0037 0056 72 290N  708W 0037 0019 0019 0028 
NHC  06L FLORENCE  20180909 1800 244N 0567W 270 031 0978 1012 0371 36 019 0204 0185 0093 0204 D 0074 0056 0037 0056 72 290N  708W 0037 0019 0019 0028 
NHC  06L FLORENCE  20180910 0000 245N 0573W 275 031 0975 1012 0371 39 019 0204 0185 0093 0204 D 0074 0056 0037 0056 72 303N  726W 0037 0019 0019 0028 
NHC  06L FLORENCE  20180910 0600 248N 0584W 285 041 0973 1012 0371 44 019 0204 0185 0093 0185 D 0074 0056 0037 0056 72 312N  736W 0037 0019 0019 0028 
NHC  06L FLORENCE  20180910 0600 248N 0584W 285 041 0973 1012 0371 44 019 0204 0185 0093 0185 D 0074 0056 0037 0056 72 312N  736W 0037 0019 0019 0028 
NHC  06L FLORENCE  20180910 1200 249N 0595W 280 051 0962 1012 0371 51 019 0222 0204 0111 0204 D 0093 0074 0056 0074 72 322N  748W 0046 0028 0019 0037 
NHC  06L FLORENCE  20180910 1800 252N 0606W 285 057 0942 1012 0371 62 019 0241 0241 0148 0204 D 0111 0093 0074 0111 72 330N  763W 0065 0046 0046 0056 
NHC  06L FLORENCE  20180910 1800 252N 0606W 285 057 0942 1012 0371 62 019 0241 0241 0148 0204 D 0111 0093 0074 0111 72 330N  763W 0065 0046 0046 0056 
NHC  06L FLORENCE  20180910 1800 252N 0606W 285 057 0942 1012 0371 62 019 0241 0241 0148 0204 D 0111 0093 0074 0111 72 330N  763W 0065 0046 0046 0056 
NHC  06L FLORENCE  20180911 0000 256N 0617W 290 057 0941 1012 0371 62 019 0241 0241 0148 0204 D 0111 0093 0074 0111 72 337N  770W 0065 0046 0046 0056 
NHC  06L FLORENCE  20180911 0600 261N 0633W 290 067 0944 1012 0371 62 019 0241 0241 0148 0204 D 0111 0093 0074 0111 72 340N  765W 0065 0046 0046 0056 
NHC  06L FLORENCE  20180911 0600 261N 0633W 290 067 0944 1012 0371 62 019 0241 0241 0148 0204 D 0111 0093 0074 0111 72 340N  765W 0065 0046 0046 0056 
NHC  06L FLORENCE  20180911 1200 264N 0646W 290 067 0950 1012 0371 59 028 0241 0241 0148 0204 D 0111 0093 0074 0111 72 343N  771W 0065 0065 0046 0065 
NHC  06L FLORENCE  20180911 1800 272N 0663W 295 082 0945 1012 0371 62 028 0278 0241 0185 0241 D 0148 0111 0093 0130 72 342N  771W 0093 0074 0074 0065 
NHC  06L FLORENCE  20180911 1800 272N 0663W 295 082 0945 1012 0371 62 028 0278 0241 0185 0241 D 0148 0111 0093 0130 72 342N  771W 0093 0074 0074 0065 
NHC  06L FLORENCE  20180912 0000 280N 0679W 300 077 0945 1012 0371 62 028 0278 0241 0185 0241 D 0148 0111 0093 0130 72 345N  777W 0093 0074 0074 0065 
NHC  06L FLORENCE  20180912 0600 286N 0695W 300 077 0945 1012 0371 59 028 0278 0259 0185 0241 D 0148 0148 0111 0130 72 343N  782W 0111 0111 0074 0083 
NHC  06L FLORENCE  20180912 0600 286N 0695W 300 077 0945 1012 0371 59 028 0278 0259 0185 0241 D 0148 0148 0111 0130 72 343N  782W 0111 0111 0074 0083 
NHC  06L FLORENCE  20180912 1200 294N 0707W 300 067 0943 1012 0371 59 028 0278 0259 0185 0241 D 0185 0148 0111 0130 72 338N  782W 0111 0111 0074 0083 
NHC  06L FLORENCE  20180912 1800 304N 0719W 310 072 0948 1013 0371 57 028 0315 0259 0185 0259 D 0185 0148 0111 0148 72 336N  784W 0111 0111 0074 0111 
NHC  06L FLORENCE  20180912 1800 304N 0719W 310 072 0948 1013 0371 57 028 0315 0259 0185 0259 D 0185 0148 0111 0148 72 336N  784W 0111 0111 0074 0111 
NHC  06L FLORENCE  20180912 1800 304N 0719W 310 072 0948 1013 0371 57 028 0315 0259 0185 0259 D 0185 0148 0111 0148 72 336N  784W 0111 0111 0074 0111 
NHC  06L FLORENCE  20180913 0000 315N 0732W 315 077 0956 1014 0371 51 037 0315 0259 0185 0259 D 0204 0148 0111 0148 72 336N  792W 0130 0111 0093 0111 
NHC  06L FLORENCE  20180913 0600 325N 0743W 315 077 0956 1013 0371 49 046 0315 0278 0204 0259 D 0185 0167 0130 0148 72 335N  805W 0130 0111 0093 0111 
NHC  06L FLORENCE  20180913 0600 325N 0743W 315 077 0956 1013 0371 49 046 0315 0278 0204 0259 D 0185 0167 0130 0148 72 335N  805W 0130 0111 0093 0111 
NHC  06L FLORENCE  20180913 0600 325N 0743W 315 077 0956 1013 0371 49 046 0315 0278 0204 0259 D 0185 0167 0130 0148 72 335N  805W 0130 0111 0093 0111 
NHC  06L FLORENCE  20180913 1200 331N 0751W 315 051 0957 1013 0371 49 037 0315 0278 0204 0259 D 0185 0167 0148 0148 72 339N  812W 0130 0111 0093 0111 
NHC  06L FLORENCE  20180913 1200 331N 0751W 315 051 0957 1013 0371 49 037 0315 0278 0204 0259 D 0185 0167 0148 0148 72 339N  812W 0130 0111 0093 0111 
NHC  06L FLORENCE  20180913 1800 336N 0760W 300 046 0955 1013 0371 46 037 0315 0278 0204 0259 D 0185 0167 0148 0148 72 343N  818W 0130 0111 0093 0111 
NHC  06L FLORENCE  20180913 1800 336N 0760W 300 046 0955 1013 0371 46 037 0315 0278 0204 0259 D 0185 0167 0148 0148 72 343N  818W 0130 0111 0093 0111 
NHC  06L FLORENCE  20180914 0000 340N 0765W 310 031 0955 1013 0371 44 028 0315 0278 0241 0185 D 0185 0148 0148 0130 72 348N  823W 0130 0111 0093 0093 
NHC  06L FLORENCE  20180914 0600 341N 0772W 290 031 0955 1013 0371 41 028 0315 0278 0259 0185 D 0185 0148 0148 0130 72 355N  829W 0130 0111 0111 0093 
NHC  06L FLORENCE  20180914 0600 341N 0772W 290 031 0955 1013 0371 41 028 0315 0278 0259 0185 D 0185 0148 0148 0130 72 355N  829W 0130 0111 0111 0093 
NHC  06L FLORENCE  20180914 1200 341N 0779W 260 031 0958 1013 0371 39 037 0315 0278 0259 0148 D 0185 0148 0148 0074 72 366N  832W 0111 0111 0111 0037 
NHC  06L FLORENCE  20180914 1800 340N 0784W 270 021 0968 1013 0371 33 037 0278 0241 0167 0111 D 0167 0130 0111 0056 72 377N  830W -999 0056 0028 -999 
NHC  06L FLORENCE  20180914 1800 340N 0784W 270 021 0968 1013 0371 33 037 0278 0241 0167 0111 D 0167 0130 0111 0056 72 377N  830W -999 0056 0028 -999 
NHC  06L FLORENCE  20180915 0000 339N 0788W 255 021 0977 1012 0371 28 037 0278 0278 0185 0111 D 0130 0130 0093 0056 72 385N  826W -999 -999 -999 -999 
NHC  06L FLORENCE  20180915 0600 337N 0793W 255 021 0984 1012 0371 26 037 0278 0278 0185 0111 D 0130 0130 0093 0056 72 393N  818W -999 -999 -999 -999 
NHC  06L FLORENCE  20180915 0600 337N 0793W 255 021 0984 1012 0371 26 037 0278 0278 0185 0111 D 0130 0130 0093 0056 72 393N  818W -999 -999 -999 -999 
NHC  06L FLORENCE  20180915 0600 337N 0793W 255 021 0984 1012 0371 26 037 0278 0278 0185 0111 D 0130 0130 0093 0056 72 393N  818W -999 -999 -999 -999 
NHC  06L FLORENCE  20180915 1200 336N 0795W 250 010 0989 1012 0371 23 204 0241 0241 0148 0074 D -999 -999 -999 -999 72 405N  800W -999 -999 -999 -999 
NHC  06L FLORENCE  20180915 1200 336N 0795W 250 010 0989 1012 0371 23 204 0241 0241 0148 0074 D -999 -999 -999 -999 72 405N  800W -999 -999 -999 -999 
NHC  06L FLORENCE  20180915 1800 336N 0798W 270 010 0997 1012 0371 21 204 0241 0241 -999 -999 D -999 -999 -999 -999 72 413N  765W -999 -999 -999 -999 
NHC  06L FLORENCE  20180915 1800 336N 0798W 270 010 0997 1012 0371 21 204 0241 0241 -999 -999 D -999 -999 -999 -999 72 413N  765W -999 -999 -999 -999 
NHC  06L FLORENCE  20180916 0000 336N 0801W 270 010 0997 1010 0371 21 204 0259 0222 -999 -999 D -999 -999 -999 -999 72 414N  745W -999 -999 -999 -999 
NHC  06L FLORENCE  20180916 0600 337N 0810W 275 036 0999 1010 0371 15 204 -999 -999 -999 -999 D -999 -999 -999 -999 72 415N  715W -999 -999 -999 -999 
NHC  06L FLORENCE  20180916 0600 337N 0810W 275 036 0999 1010 0371 15 204 -999 -999 -999 -999 D -999 -999 -999 -999 72 415N  715W -999 -999 -999 -999 
NHC  06L FLORENCE  20180916 1200 336N 0815W 270 026 1002 1004 0473 15 463 -999 -999 -999 -999 D -999 -999 -999 -999 72 420N  680W -999 -999 -999 -999 
NHC  06L FLORENCE  20180917 0000 349N 0820W 325 026 1007 1009 0287 13 278 -999 -999 -999 -999 M -999 -999 -999 -999 72 428N  620W -999 -999 -999 -999 
NHC  06L FLORENCE  20180917 0600 364N 0824W 346 051 1008 1010 0361 13 352 -999 -999 -999 -999 M -999 -999 -999 -999 72 429N  585W -999 -999 -999 -999 
NHC  06L FLORENCE  20180917 1200 380N 0834W 345 067 1008 1012 0278 10 185 -999 -999 -999 -999 M -999 -999 -999 -999 72 413N  561W -999 -999 -999 -999 
NHC  06L FLORENCE  20180917 1800 387N 0820W 360 062 1008 1013 0602 10 593 -999 -999 -999 -999 S -999 -999 -999 -999 72 410N  539W -999 -999 -999 -999 
NHC  06L FLORENCE  20180918 0000 395N 0805W 025 062 1008 1013 0602 10 482 -999 -999 -999 -999 S -999 -999 -999 -999 72 411N  496W -999 -999 -999 -999 
NHC  06L FLORENCE  20180918 0600 414N 0766W 050 103 1006 1012 0649 10 463 -999 -999 -999 -999 S -999 -999 -999 -999 48 395N  649W -999 -999 -999 -999 
NHC  06L FLORENCE  20180918 1200 422N 0733W 060 129 1006 1013 0602 10 593 -999 -999 -999 -999 S -999 -999 -999 -999 48 380N  645W -999 -999 -999 -999 
